OTUID	1	10	12	13	14	17	2	3	4	5	8	9
RS-GCF-009679795.1-NZ-WKPZ01000065.1	961.0	312539.0	12388.0	15134.0	228377.0	1716.0	111425.0	25279.0	260979.0	196197.0	299601.0	2527.0
RS-GCF-000311945.1-NZ-AMQW01000042.1	103.0	31605.0	1328.0	1565.0	24160.0	143.0	12088.0	2684.0	27642.0	20376.0	30942.0	279.0
MJ005-barcode34-umi1283bins-ubs-80	178.0	27755.0	2805.0	3309.0	52486.0	340.0	633.0	4828.0	62853.0	46847.0	70768.0	587.0
G000022965	190.0	58.0	60010.0	16685.0	129.0	47.0	131.0	21207.0	86844.0	158392.0	155.0	998.0
RS-GCF-003174995.1-NZ-QGIA01000131.1	19915.0	31.0	2866.0	3554.0	19.0	6.0	42.0	13851.0	73.0	23.0	11.0	16194.0
MJ020-2-barcode50-umi47386bins-ubs-11	179837.0	108.0	0.0	0.0	50.0	106.0	185.0	0.0	9.0	57.0	57.0	145916.0
RS-GCF-902167775.1-NZ-CABHND010000018.1	45.0	31.0	9243.0	9645.0	12.0	29.0	14183.0	63741.0	101.0	65.0	27.0	64.0
GB-GCA-000468795.1-AWPJ01000352.1	106.0	34.0	91.0	27887.0	36.0	30.0	288.0	58964.0	207.0	60.0	29.0	228.0
RS-GCF-002027295.1-NZ-MWVS01000186.1	14137.0	12.0	6128.0	0.0	12.0	0.0	16.0	1563.0	0.0	0.0	0.0	10970.0
MJ007-1-barcode38-umi5082bins-ubs-56	47404.0	27.0	0.0	0.0	20.0	19.0	63.0	0.0	14.0	0.0	12.0	39493.0
GB-GCA-900762325.1-CAAFGG010000015.1	54.0	6.0	29.0	9405.0	6.0	10.0	133.0	19997.0	71.0	20.0	7.0	79.0
RS-GCF-000410995.1-NC-021494.1--3	29338.0	0.0	0.0	0.0	0.0	8.0	23.0	0.0	7.0	0.0	0.0	24075.0
G000223155	0.0	90.0	78.0	105.0	112.0	113638.0	20.0	0.0	0.0	0.0	483.0	50.0
RS-GCF-004302315.1-NZ-ML154982.1	60.0	33.0	17894.0	11506.0	32.0	43.0	0.0	8040.0	133.0	57.0	0.0	7.0
G000472345	0.0	0.0	0.0	0.0	0.0	0.0	12830.0	0.0	0.0	0.0	0.0	0.0
MJ006-1-barcode39-umi126066bins-ubs-3	0.0	0.0	0.0	0.0	0.0	0.0	11688.0	0.0	47.0	19.0	29.0	0.0
GB-GCA-000529385.1-CBVR010000030.1	46.0	0.0	19.0	9062.0	36.0	12.0	20.0	5994.0	44.0	0.0	29.0	51.0
RS-GCF-001510975.1-NZ-CZPS01000041.1	21.0	33.0	0.0	0.0	0.0	0.0	8872.0	25.0	30.0	0.0	0.0	0.0
RS-GCF-001264105.1-NZ-AWFT01000016.1	39.0	14.0	13.0	9127.0	17.0	28.0	10.0	2375.0	56.0	2.0	0.0	77.0
RS-GCF-001639165.1-NZ-LWSH01000068.1	0.0	0.0	8738.0	0.0	57.0	51.0	0.0	62.0	0.0	0.0	0.0	0.0
GB-GCA-018326525.1-BJIB01000024.1	0.0	0.0	0.0	4158.0	0.0	23.0	26.0	2478.0	26.0	0.0	0.0	17.0
RS-GCF-006716385.1-NZ-CP033687.1--3	0.0	0.0	0.0	0.0	0.0	4576.0	0.0	0.0	0.0	0.0	0.0	0.0
GB-GCA-000155935.2-GL531761.1	30.0	8.0	2.0	8688.0	17.0	10.0	13.0	0.0	75.0	0.0	0.0	42.0
RS-GCF-004114715.1-NZ-CP035305.1--7	0.0	0.0	0.0	0.0	0.0	4406.0	0.0	0.0	0.0	0.0	0.0	0.0
RS-GCF-001272315.2-NZ-CP016270.1--3	0.0	0.0	1901.0	1171.0	0.0	0.0	0.0	798.0	0.0	0.0	0.0	0.0
RS-GCF-012955485.1-NZ-CP052065.1--5	0.0	0.0	0.0	0.0	0.0	0.0	3118.0	0.0	0.0	0.0	0.0	0.0
RS-GCF-000165775.1-NC-018528.1--4	0.0	0.0	0.0	0.0	0.0	0.0	2330.0	0.0	0.0	0.0	0.0	0.0
RS-GCF-002271275.1-NZ-MNLA01000013.1	0.0	0.0	0.0	10.0	0.0	0.0	1954.0	0.0	0.0	0.0	0.0	0.0
MJ010-2-barcode55-umi120192bins-ubs-4	0.0	0.0	1556.0	0.0	0.0	0.0	0.0	0.0	0.0	0.0	0.0	0.0
RS-GCF-004117055.1-NZ-CP026363.1--2	0.0	0.0	0.0	0.0	0.0	1249.0	0.0	0.0	0.0	0.0	0.0	0.0
RS-GCF-003955865.1-NZ-CP019581.1--4	0.0	0.0	0.0	0.0	0.0	0.0	689.0	0.0	0.0	0.0	0.0	0.0
RS-GCF-016811915.1-NZ-CP069127.1--3	0.0	0.0	0.0	0.0	0.0	612.0	0.0	0.0	0.0	0.0	0.0	0.0
RS-GCF-004117055.1-NZ-CP026363.1--13	0.0	0.0	0.0	0.0	0.0	475.0	0.0	0.0	0.0	0.0	0.0	0.0
RS-GCF-011397855.1-NZ-AP022642.1--3	0.0	0.0	0.0	0.0	0.0	307.0	0.0	0.0	0.0	0.0	0.0	0.0
GB-GCA-000470975.2-CP048274.1--5	0.0	0.0	0.0	0.0	0.0	256.0	0.0	0.0	0.0	0.0	0.0	0.0
AB112714	0.0	0.0	0.0	0.0	0.0	263.0	0.0	0.0	0.0	0.0	0.0	0.0
RS-GCF-003121625.1-NZ-QDDJ01000039.1	0.0	0.0	0.0	0.0	0.0	137.0	0.0	0.0	0.0	0.0	0.0	0.0
GB-GCA-011960395.1-BLMH01000001.1	45.0	39.0	41.0	63.0	0.0	42.0	68.0	34.0	38.0	63.0	36.0	71.0
G001945535	21.0	42.0	29.0	52.0	40.0	10.0	44.0	0.0	66.0	89.0	35.0	0.0
KR364749	0.0	27.0	32.0	26.0	14.0	40.0	27.0	37.0	44.0	0.0	35.0	0.0
RS-GCF-012584445.1-NZ-JABAHI010000010.1	0.0	50.0	29.0	0.0	24.0	0.0	32.0	26.0	61.0	0.0	0.0	20.0
RS-GCF-003970855.1-NZ-RWKO01000042.1	0.0	32.0	14.0	29.0	0.0	0.0	0.0	32.0	0.0	0.0	0.0	0.0
RS-GCF-011927635.1-NZ-JAATJB010000034.1	0.0	0.0	0.0	0.0	0.0	0.0	0.0	89.0	0.0	0.0	0.0	0.0
RS-GCF-001433975.1-NZ-AZCY01000019.1	0.0	0.0	0.0	0.0	0.0	0.0	44.0	0.0	20.0	0.0	20.0	2.0
GB-GCA-910575255.1-CAJTEM010000078.1	82.0	0.0	0.0	0.0	0.0	30.0	21.0	0.0	0.0	0.0	51.0	0.0
GB-GCA-009911175.1-QXWX01000261.1	0.0	0.0	21.0	0.0	0.0	20.0	0.0	26.0	0.0	0.0	31.0	10.0
G009917455	0.0	32.0	0.0	21.0	0.0	0.0	39.0	10.0	42.0	7.0	0.0	4.0
GB-GCA-010206225.2-VIQU02000114.1	0.0	0.0	0.0	0.0	0.0	0.0	23.0	47.0	0.0	0.0	0.0	0.0
RS-GCF-009004095.1-NZ-BKSS01000201.1	0.0	36.0	15.0	0.0	18.0	32.0	33.0	0.0	7.0	0.0	14.0	23.0
G001945605	0.0	21.0	14.0	34.0	25.0	27.0	15.0	0.0	31.0	9.0	14.0	0.0
KF447772	33.0	17.0	12.0	0.0	16.0	0.0	22.0	26.0	0.0	32.0	29.0	31.0
GB-GCA-009719285.1-WNCD01000184.1	38.0	13.0	22.0	0.0	41.0	0.0	0.0	44.0	9.0	33.0	9.0	0.0
G900128875	0.0	0.0	0.0	0.0	0.0	57.0	0.0	0.0	0.0	0.0	0.0	0.0
G009911305	0.0	0.0	26.0	0.0	0.0	0.0	16.0	31.0	18.0	0.0	0.0	35.0
GB-GCA-910576865.1-CAJTKE010000008.1	0.0	0.0	0.0	50.0	0.0	36.0	26.0	0.0	0.0	0.0	0.0	0.0
G003612585	63.0	0.0	0.0	5.0	0.0	3.0	0.0	19.0	29.0	0.0	7.0	41.0
GB-GCA-003612395.1-RAYQ01000068.1	23.0	13.0	7.0	23.0	0.0	9.0	20.0	12.0	24.0	7.0	16.0	0.0
GB-GCA-910575355.1-CAJTEC010000002.1	20.0	0.0	41.0	0.0	18.0	0.0	0.0	34.0	0.0	26.0	0.0	0.0
GB-GCA-910574715.1-CAJTCH010000056.1	0.0	0.0	0.0	40.0	29.0	43.0	0.0	0.0	45.0	31.0	46.0	24.0
RS-GCF-013096875.1-NZ-SDLD01000120.1	0.0	0.0	0.0	0.0	0.0	0.0	45.0	0.0	0.0	0.0	0.0	0.0
GB-GCA-910574185.1-CAJSZQ010000072.1	31.0	0.0	8.0	0.0	0.0	0.0	17.0	24.0	21.0	0.0	8.0	19.0
RS-GCF-012926735.1-NZ-JABBMN010000034.1	0.0	13.0	7.0	5.0	0.0	42.0	34.0	52.0	7.0	0.0	0.0	0.0
GB-GCA-910576435.1-CAJTIQ010000015.1	0.0	0.0	0.0	0.0	0.0	38.0	0.0	0.0	0.0	0.0	44.0	0.0
MJ030-2-barcode73-umi107441bins-ubs-4	0.0	0.0	0.0	0.0	12.0	24.0	0.0	0.0	0.0	0.0	44.0	0.0
CP016786	0.0	0.0	0.0	0.0	13.0	0.0	0.0	43.0	0.0	0.0	0.0	0.0
GB-GCA-910575495.1-CAJTFS010000013.1	42.0	16.0	19.0	20.0	0.0	0.0	26.0	21.0	0.0	0.0	0.0	17.0
KF631430	0.0	0.0	0.0	0.0	0.0	0.0	0.0	42.0	0.0	0.0	0.0	0.0
GB-GCA-910575645.1-CAJTFR010000012.1	0.0	13.0	26.0	18.0	13.0	21.0	21.0	39.0	18.0	0.0	40.0	16.0
HE616165	0.0	0.0	0.0	0.0	0.0	0.0	0.0	39.0	0.0	7.0	0.0	0.0
RS-GCF-017360305.1-NZ-CP061025.1--5	0.0	0.0	0.0	0.0	0.0	0.0	139.0	0.0	0.0	0.0	0.0	0.0
AJ314919	0.0	0.0	0.0	0.0	0.0	0.0	38.0	0.0	0.0	0.0	0.0	0.0
RS-GCF-002859105.1-NZ-CP025251.1--7	0.0	0.0	0.0	0.0	0.0	0.0	0.0	38.0	0.0	0.0	0.0	0.0
G001295365	0.0	0.0	0.0	0.0	0.0	0.0	37.0	0.0	0.0	0.0	0.0	0.0
RS-GCF-000584015.1-NZ-JFFH02000116.1	0.0	0.0	0.0	0.0	0.0	36.0	0.0	0.0	0.0	0.0	0.0	0.0
RS-GCF-000333915.1-NZ-ANAP01000165.1	0.0	0.0	0.0	0.0	0.0	36.0	0.0	0.0	0.0	0.0	0.0	0.0
RS-GCF-900461095.1-NZ-UAWA01000012.1--2	0.0	0.0	0.0	0.0	35.0	0.0	0.0	26.0	0.0	0.0	0.0	0.0
RS-GCF-900176865.1-NZ-LT839632.1	0.0	0.0	0.0	0.0	0.0	0.0	35.0	0.0	0.0	0.0	0.0	0.0
AJ270258	0.0	0.0	0.0	0.0	0.0	34.0	0.0	0.0	0.0	0.0	0.0	0.0
RS-GCF-016890195.1-NZ-JAFEMM010000052.1	0.0	0.0	0.0	0.0	0.0	0.0	43.0	25.0	0.0	0.0	0.0	0.0
RS-GCF-009677535.1-NZ-WKNF01000241.1	0.0	0.0	0.0	0.0	0.0	0.0	0.0	0.0	0.0	0.0	34.0	0.0
RS-GCF-013096965.1-NZ-SDLG01000052.1	0.0	0.0	0.0	0.0	0.0	0.0	33.0	0.0	0.0	0.0	0.0	0.0
GB-GCA-004793585.1-SRZB01000113.1	0.0	0.0	0.0	0.0	0.0	0.0	0.0	9.0	0.0	33.0	0.0	0.0
G000403435	24.0	8.0	0.0	18.0	13.0	0.0	0.0	0.0	26.0	17.0	0.0	0.0
MG182358	22.0	0.0	0.0	15.0	0.0	0.0	0.0	26.0	20.0	9.0	0.0	0.0
RS-GCF-002220095.1-NZ-CP022372.1	14.0	0.0	0.0	0.0	0.0	0.0	0.0	31.0	0.0	0.0	0.0	0.0
RS-GCF-009911595.1-NZ-QWKG01000143.1	30.0	0.0	0.0	0.0	0.0	0.0	0.0	0.0	0.0	0.0	0.0	0.0
GB-GCA-910575365.1-CAJTEP010000117.1	0.0	0.0	0.0	0.0	0.0	0.0	0.0	0.0	0.0	0.0	30.0	0.0
G000403315	28.0	0.0	0.0	0.0	0.0	0.0	0.0	0.0	0.0	0.0	0.0	28.0
G001050115	0.0	0.0	0.0	0.0	0.0	0.0	28.0	0.0	0.0	0.0	0.0	0.0
GB-GCA-003755025.1-RJVL01000011.1	0.0	0.0	0.0	0.0	0.0	16.0	0.0	28.0	0.0	15.0	0.0	28.0
GB-GCA-910575565.1-CAJTFL010000070.1	0.0	0.0	0.0	27.0	0.0	0.0	0.0	0.0	20.0	0.0	0.0	0.0
RS-GCF-001813455.1-NZ-KV812597.1	0.0	0.0	0.0	27.0	0.0	0.0	0.0	0.0	15.0	0.0	0.0	0.0
RS-GCF-018916695.1-NZ-JAHLNB010000044.1	0.0	0.0	0.0	0.0	0.0	26.0	0.0	0.0	0.0	0.0	0.0	0.0
MJ030-2-barcode73-umi124102bins-ubs-3	0.0	0.0	0.0	0.0	0.0	0.0	0.0	23.0	0.0	0.0	0.0	26.0
GB-GCA-018966485.1-CP076597.1--10	0.0	0.0	0.0	0.0	0.0	25.0	0.0	0.0	0.0	0.0	0.0	0.0
RS-GCF-017360005.1-NZ-CP061021.1--3	0.0	0.0	0.0	0.0	0.0	0.0	25.0	0.0	0.0	0.0	0.0	0.0
MJ032-2-barcode66-umi39665bins-ubs-13	0.0	0.0	0.0	0.0	0.0	0.0	0.0	25.0	0.0	0.0	0.0	0.0
RS-GCF-003019635.1-NZ-PYGL01000054.1	0.0	0.0	0.0	0.0	0.0	0.0	0.0	24.0	0.0	0.0	0.0	0.0
RS-GCF-013293515.1-NZ-JAAKAG010000024.1	0.0	0.0	0.0	0.0	0.0	23.0	0.0	0.0	0.0	0.0	0.0	0.0
MJ020-2-barcode50-umi6607bins-ubs-83	0.0	0.0	0.0	0.0	8.0	3.0	0.0	20.0	23.0	16.0	0.0	0.0
FJ546419	0.0	0.0	5.0	6.0	13.0	0.0	14.0	17.0	0.0	6.0	17.0	23.0
GB-GCA-910574885.1-CAJTDD010000026.1	22.0	0.0	0.0	0.0	0.0	0.0	0.0	0.0	0.0	0.0	0.0	0.0
G011959105	22.0	0.0	0.0	0.0	0.0	0.0	0.0	20.0	0.0	0.0	0.0	9.0
D83374	22.0	0.0	0.0	0.0	0.0	0.0	0.0	0.0	0.0	0.0	0.0	0.0
DQ911243	0.0	0.0	0.0	0.0	0.0	22.0	0.0	0.0	0.0	0.0	0.0	0.0
RS-GCF-003936705.1-NZ-RHRH01000047.1	0.0	0.0	0.0	0.0	0.0	0.0	0.0	21.0	0.0	0.0	0.0	0.0
MJ010-1-barcode30-umi133808bins-ubs-4	0.0	0.0	0.0	12.0	0.0	0.0	0.0	0.0	21.0	0.0	12.0	0.0
G000403475	19.0	0.0	0.0	0.0	0.0	0.0	0.0	0.0	0.0	0.0	21.0	0.0
AJ575430	0.0	20.0	0.0	0.0	0.0	0.0	0.0	0.0	0.0	0.0	0.0	0.0
MJ031-2-barcode74-umi25274bins-ubs-16	0.0	0.0	0.0	0.0	0.0	0.0	0.0	20.0	0.0	0.0	0.0	0.0
RS-GCF-014879275.1-NZ-CP062497.1--10	0.0	0.0	0.0	0.0	0.0	19.0	0.0	0.0	0.0	0.0	0.0	0.0
G004364155	0.0	0.0	0.0	0.0	0.0	0.0	0.0	19.0	0.0	0.0	0.0	0.0
GB-GCA-910575375.1-CAJTEL010000076.1	18.0	0.0	0.0	0.0	0.0	0.0	0.0	0.0	0.0	0.0	19.0	0.0
MJ006-1-barcode47-umi28066bins-ubs-10	0.0	0.0	0.0	0.0	0.0	0.0	0.0	0.0	0.0	0.0	0.0	19.0
G000878905	0.0	0.0	0.0	0.0	0.0	18.0	0.0	0.0	0.0	0.0	0.0	0.0
KC252615	0.0	0.0	0.0	0.0	0.0	0.0	18.0	0.0	0.0	0.0	0.0	0.0
RS-GCF-000474175.2-NZ-BATN01000197.1	0.0	0.0	0.0	0.0	0.0	0.0	0.0	48.0	0.0	0.0	0.0	0.0
RS-GCF-001642705.1-NZ-LWBV01000002.1	0.0	0.0	0.0	0.0	0.0	0.0	0.0	0.0	0.0	18.0	0.0	0.0
X94194	0.0	0.0	0.0	0.0	0.0	17.0	0.0	0.0	0.0	0.0	0.0	0.0
MJ009-2-barcode72-umi41006bins-ubs-15	0.0	0.0	0.0	0.0	0.0	0.0	0.0	17.0	0.0	0.0	0.0	0.0
MJ032-2-barcode64-umi10753bins-ubs-42	16.0	0.0	0.0	0.0	0.0	0.0	0.0	0.0	0.0	0.0	0.0	0.0
G000787385	0.0	0.0	0.0	0.0	0.0	43.0	0.0	0.0	0.0	0.0	0.0	0.0
GB-GCA-910575525.1-CAJTEU010000001.1	0.0	0.0	0.0	0.0	0.0	0.0	0.0	0.0	16.0	0.0	0.0	0.0
MJ030-1-barcode41-umi15828bins-ubs-33	15.0	0.0	0.0	0.0	0.0	0.0	0.0	0.0	0.0	0.0	0.0	0.0
AB567661	0.0	0.0	0.0	0.0	0.0	41.0	0.0	0.0	0.0	0.0	0.0	0.0
RS-GCF-000178395.2-NC-015660.1--10	0.0	0.0	0.0	0.0	0.0	0.0	15.0	0.0	0.0	0.0	0.0	0.0
MJ032-2-barcode66-umi64597bins-ubs-6	14.0	0.0	0.0	0.0	0.0	0.0	0.0	0.0	0.0	0.0	7.0	0.0
RS-GCF-000257765.1-NZ-AICP01000064.1	0.0	0.0	0.0	0.0	0.0	0.0	0.0	0.0	0.0	0.0	0.0	14.0
GB-GCA-910575505.1-CAJTFK010000065.1	13.0	0.0	0.0	0.0	0.0	0.0	0.0	0.0	0.0	0.0	0.0	0.0
RS-GCF-013293385.1-NZ-JAAKAA010000059.1	0.0	13.0	0.0	0.0	0.0	0.0	0.0	0.0	0.0	0.0	0.0	0.0
MJ030-2-barcode73-umi94687bins-ubs-4	0.0	0.0	0.0	4.0	0.0	0.0	0.0	0.0	9.0	0.0	0.0	6.0
GB-GCA-910579815.1-CAJTWV010000035.1	0.0	0.0	0.0	0.0	0.0	7.0	0.0	6.0	0.0	0.0	10.0	11.0
MJ030-2-barcode59-umi110917bins-ubs-3	0.0	0.0	0.0	0.0	0.0	0.0	0.0	13.0	0.0	0.0	0.0	0.0
GB-GCA-011958945.1-BLLT01000252.1	0.0	0.0	0.0	0.0	0.0	0.0	10.0	0.0	9.0	13.0	0.0	0.0
RS-GCF-009856545.1-NZ-CP047218.1	0.0	0.0	0.0	0.0	0.0	0.0	0.0	0.0	0.0	13.0	0.0	0.0
DQ789120	12.0	0.0	0.0	0.0	0.0	0.0	0.0	0.0	0.0	0.0	0.0	0.0
MJ010-1-barcode36-umi134287bins-ubs-4	0.0	0.0	0.0	0.0	5.0	0.0	12.0	0.0	0.0	0.0	0.0	0.0
G003612625	0.0	0.0	0.0	0.0	0.0	0.0	11.0	12.0	7.0	0.0	0.0	0.0
D86184	0.0	0.0	0.0	0.0	0.0	0.0	0.0	12.0	0.0	0.0	0.0	0.0
RS-GCF-018146015.1-NZ-JAGSWL010000013.1	0.0	0.0	0.0	0.0	11.0	0.0	0.0	0.0	0.0	0.0	0.0	6.0
MJ020-2-barcode59-umi10492bins-ubs-54	0.0	0.0	0.0	0.0	0.0	0.0	0.0	0.0	0.0	11.0	0.0	0.0
FJ267649	10.0	0.0	0.0	0.0	0.0	0.0	0.0	0.0	0.0	0.0	9.0	0.0
MJ020-2-barcode50-umi10832bins-ubs-52	0.0	0.0	0.0	0.0	8.0	0.0	0.0	0.0	0.0	10.0	0.0	0.0
MJ032-1-barcode44-umi56475bins-ubs-5	0.0	0.0	0.0	0.0	0.0	0.0	0.0	0.0	0.0	0.0	10.0	0.0
MJ033-1-barcode26-umi39727bins-ubs-3	0.0	0.0	0.0	0.0	0.0	0.0	0.0	0.0	0.0	0.0	0.0	10.0
DQ322069	0.0	0.0	0.0	0.0	9.0	0.0	0.0	0.0	0.0	0.0	0.0	0.0
RS-GCF-004804205.1-NZ-CP039403.1--6	0.0	0.0	0.0	0.0	0.0	0.0	0.0	0.0	9.0	0.0	0.0	0.0
MJ006-2-barcode53-umi182866bins-ubs-3	0.0	0.0	0.0	8.0	0.0	0.0	0.0	0.0	0.0	0.0	0.0	0.0
RS-GCF-006351765.1-NZ-CP040903.1--4	0.0	0.0	0.0	0.0	0.0	8.0	0.0	0.0	0.0	0.0	0.0	0.0
GB-GCA-910575625.1-CAJTFD010000018.1	0.0	0.0	0.0	0.0	0.0	0.0	8.0	7.0	0.0	0.0	0.0	0.0
RS-GCF-004334485.1-NZ-SHPU01000019.1	0.0	0.0	0.0	0.0	0.0	0.0	0.0	8.0	0.0	0.0	0.0	0.0
RS-GCF-001653035.1-NZ-BCWH01000025.1	0.0	0.0	0.0	0.0	0.0	0.0	0.0	0.0	0.0	8.0	0.0	0.0
MJ032-2-barcode73-umi42497bins-ubs-12	0.0	0.0	0.0	0.0	0.0	0.0	0.0	0.0	0.0	0.0	8.0	0.0
MJ032-2-barcode66-umi22233bins-ubs-24	0.0	0.0	0.0	7.0	0.0	0.0	0.0	0.0	0.0	0.0	0.0	0.0
G000145515	0.0	0.0	0.0	0.0	0.0	0.0	6.0	0.0	0.0	0.0	0.0	0.0
MJ030-2-barcode63-umi109272bins-ubs-3	0.0	4.0	0.0	0.0	0.0	0.0	6.0	0.0	0.0	0.0	0.0	0.0
RS-GCF-902363785.1-NZ-CABJBE010000018.1	0.0	0.0	0.0	0.0	0.0	0.0	6.0	0.0	0.0	0.0	0.0	0.0
RS-GCF-002899655.1-NZ-POTQ01000026.1	0.0	0.0	0.0	0.0	0.0	0.0	0.0	0.0	0.0	0.0	0.0	6.0
MJ009-1-barcode35-umi38995bins-ubs-9	0.0	0.0	0.0	0.0	0.0	0.0	0.0	8.0	0.0	0.0	0.0	0.0
G011957885	0.0	0.0	0.0	0.0	0.0	0.0	0.0	0.0	0.0	0.0	0.0	2.0